-2.00000E+01  4.56473E-02
-1.97500E+01  3.96761E-02
-1.95000E+01  3.10533E-02
-1.92500E+01  2.02508E-02
-1.90000E+01  7.88827E-03
-1.87500E+01 -5.30088E-03
-1.85000E+01 -1.85125E-02
-1.82500E+01 -3.09192E-02
-1.80000E+01 -4.17215E-02
-1.77500E+01 -5.01975E-02
-1.75000E+01 -5.57501E-02
-1.72500E+01 -5.79470E-02
-1.70000E+01 -5.65528E-02
-1.67500E+01 -5.15483E-02
-1.65000E+01 -4.31385E-02
-1.62500E+01 -3.17466E-02
-1.60000E+01 -1.79940E-02
-1.57500E+01 -2.66821E-03
-1.55000E+01  1.33205E-02
-1.52500E+01  2.89916E-02
-1.50000E+01  4.33525E-02
-1.47500E+01  5.54591E-02
-1.45000E+01  6.44755E-02
-1.42500E+01  6.97292E-02
-1.40000E+01  7.07577E-02
-1.37500E+01  6.73442E-02
-1.35000E+01  5.95396E-02
-1.32500E+01  4.76688E-02
-1.30000E+01  3.23205E-02
-1.27500E+01  1.43215E-02
-1.25000E+01 -5.30575E-03
-1.22500E+01 -2.53975E-02
-1.20000E+01 -4.47144E-02
-1.17500E+01 -6.20140E-02
-1.15000E+01 -7.61263E-02
-1.12500E+01 -8.60274E-02
-1.10000E+01 -9.09082E-02
-1.07500E+01 -9.02324E-02
-1.05000E+01 -8.37805E-02
-1.02500E+01 -7.16779E-02
-1.00000E+01 -5.44021E-02
-9.75000E+00 -3.27712E-02
-9.50000E+00 -7.91064E-03
-9.25000E+00  1.87989E-02
-9.00000E+00  4.57909E-02
-8.75000E+00  7.13970E-02
-8.50000E+00  9.39397E-02
-8.25000E+00  1.11831E-01
-8.00000E+00  1.23670E-01
-7.75000E+00  1.28335E-01
-7.50000E+00  1.25067E-01
-7.25000E+00  1.13528E-01
-7.00000E+00  9.38552E-02
-6.75000E+00  6.66732E-02
-6.50000E+00  3.30954E-02
-6.25000E+00 -5.30867E-03
-6.00000E+00 -4.65692E-02
-5.75000E+00 -8.83964E-02
-5.50000E+00 -1.28280E-01
-5.25000E+00 -1.63607E-01
-5.00000E+00 -1.91785E-01
-4.75000E+00 -2.10377E-01
-4.50000E+00 -2.17229E-01
-4.25000E+00 -2.10586E-01
-4.00000E+00 -1.89201E-01
-3.75000E+00 -1.52416E-01
-3.50000E+00 -1.00224E-01
-3.25000E+00 -3.32908E-02
-3.00000E+00  4.70400E-02
-2.75000E+00  1.38786E-01
-2.50000E+00  2.39389E-01
-2.25000E+00  3.45810E-01
-2.00000E+00  4.54649E-01
-1.75000E+00  5.62278E-01
-1.50000E+00  6.64997E-01
-1.25000E+00  7.59188E-01
-1.00000E+00  8.41471E-01
-7.50000E-01  9.08852E-01
-5.00000E-01  9.58851E-01
-2.50000E-01  9.89616E-01
 0.00000E+00  1.00000E+00
 2.50000E-01  9.89616E-01
 5.00000E-01  9.58851E-01
 7.50000E-01  9.08852E-01
 1.00000E+00  8.41471E-01
 1.25000E+00  7.59188E-01
 1.50000E+00  6.64997E-01
 1.75000E+00  5.62278E-01
 2.00000E+00  4.54649E-01
 2.25000E+00  3.45810E-01
 2.50000E+00  2.39389E-01
 2.75000E+00  1.38786E-01
 3.00000E+00  4.70400E-02
 3.25000E+00 -3.32908E-02
 3.50000E+00 -1.00224E-01
 3.75000E+00 -1.52416E-01
 4.00000E+00 -1.89201E-01
 4.25000E+00 -2.10586E-01
 4.50000E+00 -2.17229E-01
 4.75000E+00 -2.10377E-01
 5.00000E+00 -1.91785E-01
 5.25000E+00 -1.63607E-01
 5.50000E+00 -1.28280E-01
 5.75000E+00 -8.83964E-02
 6.00000E+00 -4.65692E-02
 6.25000E+00 -5.30867E-03
 6.50000E+00  3.30954E-02
 6.75000E+00  6.66732E-02
 7.00000E+00  9.38552E-02
 7.25000E+00  1.13528E-01
 7.50000E+00  1.25067E-01
 7.75000E+00  1.28335E-01
 8.00000E+00  1.23670E-01
 8.25000E+00  1.11831E-01
 8.50000E+00  9.39397E-02
 8.75000E+00  7.13970E-02
 9.00000E+00  4.57909E-02
 9.25000E+00  1.87989E-02
 9.50000E+00 -7.91064E-03
 9.75000E+00 -3.27712E-02
 1.00000E+01 -5.44021E-02
 1.02500E+01 -7.16779E-02
 1.05000E+01 -8.37805E-02
 1.07500E+01 -9.02324E-02
 1.10000E+01 -9.09082E-02
 1.12500E+01 -8.60274E-02
 1.15000E+01 -7.61263E-02
 1.17500E+01 -6.20140E-02
 1.20000E+01 -4.47144E-02
 1.22500E+01 -2.53975E-02
 1.25000E+01 -5.30575E-03
 1.27500E+01  1.43215E-02
 1.30000E+01  3.23205E-02
 1.32500E+01  4.76688E-02
 1.35000E+01  5.95396E-02
 1.37500E+01  6.73442E-02
 1.40000E+01  7.07577E-02
 1.42500E+01  6.97292E-02
 1.45000E+01  6.44755E-02
 1.47500E+01  5.54591E-02
 1.50000E+01  4.33525E-02
 1.52500E+01  2.89916E-02
 1.55000E+01  1.33205E-02
 1.57500E+01 -2.66821E-03
 1.60000E+01 -1.79940E-02
 1.62500E+01 -3.17466E-02
 1.65000E+01 -4.31385E-02
 1.67500E+01 -5.15483E-02
 1.70000E+01 -5.65528E-02
 1.72500E+01 -5.79470E-02
 1.75000E+01 -5.57501E-02
 1.77500E+01 -5.01975E-02
 1.80000E+01 -4.17215E-02
 1.82500E+01 -3.09192E-02
 1.85000E+01 -1.85125E-02
 1.87500E+01 -5.30088E-03
 1.90000E+01  7.88827E-03
 1.92500E+01  2.02508E-02
 1.95000E+01  3.10533E-02
 1.97500E+01  3.96761E-02
 2.00000E+01  4.56473E-02
