0 0
0.1 0.099833416646828
0.2 0.198669330795061
0.3 0.29552020666134
0.4 0.38941834230865
0.5 0.479425538604203
0.6 0.564642473395035
0.7 0.644217687237691
0.8 0.717356090899523
0.9 0.783326909627483
1 0.841470984807896
1.1 0.891207360061435
1.2 0.932039085967226
1.3 0.963558185417193
1.4 0.98544972998846
1.5 0.997494986604055
1.6 0.999573603041505
1.7 0.991664810452468
1.8 0.973847630878195
1.9 0.946300087687414
2 0.909297426825682
2.1 0.863209366648874
2.2 0.80849640381959
2.3 0.74570521217672
2.4 0.675463180551151
2.5 0.598472144103957
2.6 0.515501371821464
2.7 0.42737988023383
2.8 0.334988150155905
2.9 0.239249329213982
3 0.141120008059867
3.1 0.041580662433291
3.2 -0.05837414342758
3.3 -0.157745694143249
3.4 -0.255541102026832
3.5 -0.35078322768962
3.6 -0.442520443294852
3.7 -0.529836140908493
3.8 -0.611857890942719
3.9 -0.687766159183974
4 -0.756802495307928
4.1 -0.818277111064411
4.2 -0.871575772413588
4.3 -0.916165936749455
4.4 -0.951602073889516
4.5 -0.977530117665097
4.6 -0.993691003633465
4.7 -0.999923257564101
4.8 -0.996164608835841
4.9 -0.982452612624332
5 -0.958924274663139
5.1 -0.925814682327732
5.2 -0.883454655720153
5.3 -0.832267442223901
5.4 -0.772764487555987
5.5 -0.705540325570392
5.6 -0.631266637872321
5.7 -0.550685542597638
5.8 -0.464602179413757
5.9 -0.373876664830236
6 -0.279415498198926
6.1 -0.182162504272095
6.2 -0.083089402817496
6.3 0.016813900484351
6.4 0.116549204850494
6.5 0.215119988087815
6.6 0.311541363513379
6.7 0.404849920616598
6.8 0.494113351138609
6.9 0.5784397643882
7 0.656986598718789
7.1 0.728969040125876
7.2 0.793667863849153
7.3 0.850436620628565
7.4 0.898708095811627
7.5 0.937999976774739
7.6 0.967919672031487
7.7 0.988168233877
7.8 0.998543345374605
7.9 0.998941341839772
8 0.989358246623382
8.1 0.969889810845086
8.2 0.940730556679772
8.3 0.902171833756293
8.4 0.85459890808828
8.5 0.79848711262349
8.6 0.734397097874113
8.7 0.662969230082182
8.8 0.584917192891762
8.9 0.501020856457885
9 0.412118485241757
9.1 0.319098362349352
9.2 0.222889914100246
9.3 0.124454423507062
9.4 0.024775425453358
9.5 -0.075151120461809
9.6 -0.174326781222981
9.7 -0.271760626410944
9.8 -0.366479129251928
9.9 -0.457535893775321
10 -0.54402111088937
